# red-yellow color map (from Matlab)
   1.0000000e+00   0.0000000e+00   0.0000000e+00   1
   1.0000000e+00   6.6666667e-02   0.0000000e+00   1
   1.0000000e+00   1.3333333e-01   0.0000000e+00   1
   1.0000000e+00   2.0000000e-01   0.0000000e+00   1
   1.0000000e+00   2.6666667e-01   0.0000000e+00   1
   1.0000000e+00   3.3333333e-01   0.0000000e+00   1
   1.0000000e+00   4.0000000e-01   0.0000000e+00   1
   1.0000000e+00   4.6666667e-01   0.0000000e+00   1
   1.0000000e+00   5.3333333e-01   0.0000000e+00   1
   1.0000000e+00   6.0000000e-01   0.0000000e+00   1
   1.0000000e+00   6.6666667e-01   0.0000000e+00   1
   1.0000000e+00   7.3333333e-01   0.0000000e+00   1
   1.0000000e+00   8.0000000e-01   0.0000000e+00   1
   1.0000000e+00   8.6666667e-01   0.0000000e+00   1
   1.0000000e+00   9.3333333e-01   0.0000000e+00   1
   1.0000000e+00   1.0000000e+00   0.0000000e+00   1
