# grayscale with tinge of blue color map (from Matlab) (blackish to whitish)
   0.0000000e+00   0.0000000e+00   5.2083333e-03   1
   1.3888889e-02   1.3888889e-02   2.4305556e-02   1
   2.7777778e-02   2.7777778e-02   4.3402778e-02   1
   4.1666667e-02   4.1666667e-02   6.2500000e-02   1
   5.5555556e-02   5.5555556e-02   8.1597222e-02   1
   6.9444444e-02   6.9444444e-02   1.0069444e-01   1
   8.3333333e-02   8.3333333e-02   1.1979167e-01   1
   9.7222222e-02   9.7222222e-02   1.3888889e-01   1
   1.1111111e-01   1.1111111e-01   1.5798611e-01   1
   1.2500000e-01   1.2500000e-01   1.7708333e-01   1
   1.3888889e-01   1.3888889e-01   1.9618056e-01   1
   1.5277778e-01   1.5277778e-01   2.1527778e-01   1
   1.6666667e-01   1.6666667e-01   2.3437500e-01   1
   1.8055556e-01   1.8055556e-01   2.5347222e-01   1
   1.9444444e-01   1.9444444e-01   2.7256944e-01   1
   2.0833333e-01   2.0833333e-01   2.9166667e-01   1
   2.2222222e-01   2.2222222e-01   3.1076389e-01   1
   2.3611111e-01   2.3611111e-01   3.2986111e-01   1
   2.5000000e-01   2.5000000e-01   3.4895833e-01   1
   2.6388889e-01   2.6388889e-01   3.6805556e-01   1
   2.7777778e-01   2.7777778e-01   3.8715278e-01   1
   2.9166667e-01   2.9166667e-01   4.0625000e-01   1
   3.0555556e-01   3.0555556e-01   4.2534722e-01   1
   3.1944444e-01   3.1944444e-01   4.4444444e-01   1
   3.3333333e-01   3.3854167e-01   4.5833333e-01   1
   3.4722222e-01   3.5763889e-01   4.7222222e-01   1
   3.6111111e-01   3.7673611e-01   4.8611111e-01   1
   3.7500000e-01   3.9583333e-01   5.0000000e-01   1
   3.8888889e-01   4.1493056e-01   5.1388889e-01   1
   4.0277778e-01   4.3402778e-01   5.2777778e-01   1
   4.1666667e-01   4.5312500e-01   5.4166667e-01   1
   4.3055556e-01   4.7222222e-01   5.5555556e-01   1
   4.4444444e-01   4.9131944e-01   5.6944444e-01   1
   4.5833333e-01   5.1041667e-01   5.8333333e-01   1
   4.7222222e-01   5.2951389e-01   5.9722222e-01   1
   4.8611111e-01   5.4861111e-01   6.1111111e-01   1
   5.0000000e-01   5.6770833e-01   6.2500000e-01   1
   5.1388889e-01   5.8680556e-01   6.3888889e-01   1
   5.2777778e-01   6.0590278e-01   6.5277778e-01   1
   5.4166667e-01   6.2500000e-01   6.6666667e-01   1
   5.5555556e-01   6.4409722e-01   6.8055556e-01   1
   5.6944444e-01   6.6319444e-01   6.9444444e-01   1
   5.8333333e-01   6.8229167e-01   7.0833333e-01   1
   5.9722222e-01   7.0138889e-01   7.2222222e-01   1
   6.1111111e-01   7.2048611e-01   7.3611111e-01   1
   6.2500000e-01   7.3958333e-01   7.5000000e-01   1
   6.3888889e-01   7.5868056e-01   7.6388889e-01   1
   6.5277778e-01   7.7777778e-01   7.7777778e-01   1
   6.7447917e-01   7.9166667e-01   7.9166667e-01   1
   6.9618056e-01   8.0555556e-01   8.0555556e-01   1
   7.1788194e-01   8.1944444e-01   8.1944444e-01   1
   7.3958333e-01   8.3333333e-01   8.3333333e-01   1
   7.6128472e-01   8.4722222e-01   8.4722222e-01   1
   7.8298611e-01   8.6111111e-01   8.6111111e-01   1
   8.0468750e-01   8.7500000e-01   8.7500000e-01   1
   8.2638889e-01   8.8888889e-01   8.8888889e-01   1
   8.4809028e-01   9.0277778e-01   9.0277778e-01   1
   8.6979167e-01   9.1666667e-01   9.1666667e-01   1
   8.9149306e-01   9.3055556e-01   9.3055556e-01   1
   9.1319444e-01   9.4444444e-01   9.4444444e-01   1
   9.3489583e-01   9.5833333e-01   9.5833333e-01   1
   9.5659722e-01   9.7222222e-01   9.7222222e-01   1
   9.7829861e-01   9.8611111e-01   9.8611111e-01   1
   1.0000000e+00   1.0000000e+00   1.0000000e+00   1
