# BrBG colormap (based on Matplotlib colormap of the same name)
0.32941176470588235 0.18823529411764706 0.0196078431372549 1
0.3380238369857747 0.1933102652825836 0.020376778162245292 1
0.34663590926566706 0.19838523644752018 0.02114571318723568 1
0.3552479815455594 0.20346020761245676 0.021914648212226065 1
0.3638600538254517 0.2085351787773933 0.022683583237216455 1
0.3724721261053441 0.21361014994232985 0.02345251826220684 1
0.38108419838523644 0.21868512110726643 0.02422145328719723 1
0.3896962706651288 0.223760092272203 0.02499038831218762 1
0.39830834294502115 0.22883506343713955 0.02575932333717801 1
0.4069204152249135 0.23391003460207613 0.0265282583621684 1
0.41553248750480587 0.23898500576701268 0.027297193387158785 1
0.4241445597846982 0.24405997693194925 0.02806612841214917 1
0.4327566320645906 0.2491349480968858 0.02883506343713956 1
0.4413687043444829 0.25420991926182235 0.02960399846212995 1
0.4499807766243753 0.25928489042675895 0.03037293348712034 1
0.45859284890426766 0.2643598615916955 0.031141868512110725 1
0.46720492118415996 0.26943483275663205 0.031910803537101115 1
0.4758169934640523 0.2745098039215686 0.0326797385620915 1
0.4844290657439447 0.2795847750865052 0.033448673587081895 1
0.49304113802383703 0.28465974625144175 0.03421760861207228 1
0.5016532103037293 0.2897347174163783 0.03498654363706267 1
0.5102652825836217 0.29480968858131484 0.03575547866205306 1
0.518877354863514 0.29988465974625145 0.03652441368704344 1
0.5274894271434064 0.304959630911188 0.03729334871203383 1
0.5361014994232988 0.31003460207612454 0.03806228373702422 1
0.5447135717031911 0.31510957324106115 0.038831218762014605 1
0.5529411764705883 0.3213379469434833 0.041906958861976165 1
0.5607843137254902 0.328719723183391 0.04728950403690888 1
0.5686274509803922 0.3361014994232987 0.0526720492118416 1
0.5764705882352942 0.34348327566320647 0.05805459438677432 1
0.5843137254901961 0.3508650519031142 0.06343713956170705 1
0.592156862745098 0.3582468281430219 0.06881968473663976 1
0.6000000000000001 0.3656286043829296 0.07420222991157246 1
0.6078431372549019 0.3730103806228373 0.07958477508650516 1
0.615686274509804 0.3803921568627451 0.08496732026143791 1
0.6235294117647059 0.3877739331026528 0.09034986543637064 1
0.6313725490196078 0.3951557093425605 0.09573241061130335 1
0.6392156862745098 0.4025374855824682 0.10111495578623603 1
0.6470588235294118 0.409919261822376 0.10649750096116878 1
0.6549019607843137 0.4173010380622837 0.1118800461361015 1
0.6627450980392157 0.42468281430219146 0.11726259131103423 1
0.6705882352941176 0.4320645905420991 0.12264513648596691 1
0.6784313725490196 0.4394463667820069 0.12802768166089967 1
0.6862745098039216 0.44682814302191465 0.13341022683583237 1
0.6941176470588235 0.45420991926182236 0.1387927720107651 1
0.7019607843137254 0.46159169550173007 0.14417531718569776 1
0.7098039215686275 0.46897347174163784 0.14955786236063054 1
0.7176470588235294 0.47635524798154555 0.15494040753556326 1
0.7254901960784313 0.48373702422145326 0.16032295271049596 1
0.7333333333333333 0.4911188004613609 0.16570549788542865 1
0.7411764705882353 0.49850057670126874 0.1710880430603614 1
0.7490196078431373 0.5058823529411764 0.17647058823529413 1
0.7539407920030757 0.5158785082660515 0.18877354863514034 1
0.7588619761630142 0.5258746635909265 0.20107650903498644 1
0.7637831603229527 0.5358708189158016 0.21337946943483274 1
0.7687043444828912 0.5458669742406767 0.22568242983467895 1
0.7736255286428296 0.5558631295655516 0.23798539023452514 1
0.7785467128027681 0.5658592848904266 0.25028835063437127 1
0.7834678969627067 0.5758554402153018 0.26259131103421757 1
0.7883890811226452 0.5858515955401767 0.27489427143406375 1
0.7933102652825836 0.5958477508650518 0.28719723183391 1
0.798231449442522 0.6058439061899268 0.2995001922337561 1
0.8031526336024606 0.6158400615148019 0.31180315263360237 1
0.8080738177623991 0.6258362168396769 0.3241061130334486 1
0.8129950019223375 0.635832372164552 0.33640907343329485 1
0.817916186082276 0.6458285274894271 0.34871203383314103 1
0.8228373702422145 0.655824682814302 0.36101499423298705 1
0.827758554402153 0.6658208381391771 0.37331795463283346 1
0.8326797385620914 0.6758169934640521 0.3856209150326796 1
0.8376009227220299 0.6858131487889272 0.39792387543252583 1
0.8425221068819684 0.6958093041138023 0.41022683583237207 1
0.847443291041907 0.7058054594386773 0.4225297962322182 1
0.8523644752018453 0.7158016147635523 0.43483275663206444 1
0.8572856593617839 0.7257977700884274 0.4471357170319107 1
0.8622068435217223 0.7357939254133022 0.4594386774317567 1
0.8671280276816609 0.7457900807381774 0.47174163783160306 1
0.8720492118415993 0.7557862360630525 0.4840445982314493 1
0.8762783544790465 0.7637062668204535 0.4955786236063051 1
0.8798154555940023 0.7695501730103805 0.5063437139561705 1
0.8833525567089581 0.7753940792003075 0.517108804306036 1
0.8868896578239138 0.7812379853902344 0.5278738946559014 1
0.8904267589388696 0.7870818915801614 0.5386389850057669 1
0.8939638600538253 0.7929257977700882 0.5494040753556322 1
0.8975009611687812 0.7987697039600152 0.5601691657054977 1
0.901038062283737 0.8046136101499423 0.5709342560553632 1
0.9045751633986928 0.8104575163398692 0.5816993464052287 1
0.9081122645136486 0.8163014225297962 0.5924644367550941 1
0.9116493656286043 0.8221453287197231 0.6032295271049595 1
0.9151864667435602 0.82798923490965 0.613994617454825 1
0.9187235678585159 0.833833141099577 0.6247597078046904 1
0.9222606689734717 0.8396770472895039 0.6355247981545558 1
0.9257977700884276 0.8455209534794309 0.6462898885044213 1
0.9293348712033833 0.8513648596693579 0.6570549788542868 1
0.9328719723183391 0.8572087658592848 0.6678200692041522 1
0.9364090734332948 0.8630526720492118 0.6785851595540175 1
0.9399461745482507 0.8688965782391388 0.689350249903883 1
0.9434832756632064 0.8747404844290657 0.7001153402537484 1
0.9470203767781622 0.8805843906189926 0.7108804306036139 1
0.950557477893118 0.8864282968089195 0.7216455209534792 1
0.9540945790080738 0.8922722029988466 0.7324106113033448 1
0.9576316801230296 0.8981161091887735 0.7431757016532102 1
0.9611687812379854 0.9039600153787005 0.7539407920030756 1
0.9647058823529412 0.9098039215686274 0.7647058823529411 1
0.9645520953479431 0.9118031526336025 0.772395232602845 1
0.964398308342945 0.9138023836985775 0.7800845828527488 1
0.9642445213379469 0.9158016147635525 0.7877739331026528 1
0.9640907343329489 0.9178008458285275 0.7954632833525566 1
0.9639369473279508 0.9198000768935025 0.8031526336024606 1
0.9637831603229527 0.9217993079584775 0.8108419838523644 1
0.9636293733179546 0.9237985390234525 0.8185313341022683 1
0.9634755863129566 0.9257977700884276 0.8262206843521722 1
0.9633217993079585 0.9277970011534026 0.8339100346020761 1
0.9631680123029605 0.9297962322183776 0.84159938485198 1
0.9630142252979623 0.9317954632833526 0.8492887351018839 1
0.9628604382929643 0.9337946943483275 0.8569780853517877 1
0.9627066512879662 0.9357939254133025 0.8646674356016917 1
0.9625528642829682 0.9377931564782775 0.8723567858515955 1
0.96239907727797 0.9397923875432526 0.8800461361014994 1
0.962245290272972 0.9417916186082276 0.8877354863514033 1
0.9620915032679739 0.9437908496732026 0.8954248366013071 1
0.9619377162629758 0.9457900807381776 0.9031141868512111 1
0.9617839292579777 0.9477893118031526 0.910803537101115 1
0.9616301422529796 0.9497885428681276 0.9184928873510187 1
0.9614763552479816 0.9517877739331027 0.9261822376009228 1
0.9613225682429835 0.9537870049980777 0.9338715878508266 1
0.9611687812379854 0.9557862360630527 0.9415609381007305 1
0.9610149942329873 0.9577854671280277 0.9492502883506344 1
0.9608612072279893 0.9597846981930027 0.9569396386005382 1
0.9572472126105345 0.9599384851980008 0.9595540176855056 1
0.9501730103806229 0.958246828143022 0.9570934256055363 1
0.9430988081507113 0.9565551710880431 0.9546328335255672 1
0.9360246059207997 0.9548635140330642 0.9521722414455979 1
0.9289504036908884 0.9531718569780854 0.9497116493656287 1
0.9218762014609766 0.9514801999231065 0.9472510572856594 1
0.9148019992310651 0.9497885428681276 0.9447904652056902 1
0.9077277970011535 0.9480968858131488 0.9423298731257209 1
0.900653594771242 0.9464052287581699 0.9398692810457517 1
0.8935793925413303 0.9447135717031911 0.9374086889657824 1
0.8865051903114188 0.9430219146482123 0.9349480968858133 1
0.8794309880815072 0.9413302575932334 0.932487504805844 1
0.8723567858515957 0.9396386005382545 0.9300269127258747 1
0.8652825836216841 0.9379469434832757 0.9275663206459055 1
0.8582083813917726 0.9362552864282968 0.9251057285659362 1
0.851134179161861 0.9345636293733179 0.922645136485967 1
0.8440599769319495 0.9328719723183391 0.9201845444059977 1
0.8369857747020378 0.9311803152633603 0.9177239523260285 1
0.8299115724721262 0.9294886582083814 0.9152633602460593 1
0.8228373702422147 0.9277970011534026 0.9128027681660901 1
0.8157631680123033 0.9261053440984237 0.9103421760861209 1
0.8086889657823916 0.9244136870434448 0.9078815840061516 1
0.80161476355248 0.922722029988466 0.9054209919261823 1
0.7945405613225685 0.9210303729334871 0.9029603998462131 1
0.7874663590926568 0.9193387158785082 0.9004998077662438 1
0.7803921568627453 0.9176470588235294 0.8980392156862746 1
0.7694732795078819 0.9131872356785853 0.8925028835063439 1
0.7585544021530184 0.908727412533641 0.8869665513264131 1
0.7476355247981549 0.9042675893886968 0.8814302191464823 1
0.7367166474432914 0.8998077662437525 0.8758938869665515 1
0.7257977700884278 0.8953479430988083 0.8703575547866207 1
0.7148788927335643 0.890888119953864 0.8648212226066899 1
0.7039600153787008 0.8864282968089198 0.8592848904267592 1
0.6930411380238373 0.8819684736639755 0.8537485582468283 1
0.6821222606689737 0.8775086505190313 0.8482122260668975 1
0.6712033833141102 0.873048827374087 0.8426758938869667 1
0.660284505959247 0.8685890042291429 0.8371395617070361 1
0.6493656286043832 0.8641291810841984 0.8316032295271051 1
0.6384467512495198 0.8596693579392543 0.8260668973471743 1
0.6275278738946561 0.8552095347943101 0.8205305651672435 1
0.6166089965397927 0.8507497116493657 0.8149942329873128 1
0.6056901191849292 0.8462898885044216 0.8094579008073819 1
0.5947712418300657 0.8418300653594772 0.8039215686274511 1
0.5838523644752022 0.837370242214533 0.7983852364475204 1
0.5729334871203386 0.8329104190695887 0.7928489042675895 1
0.5620146097654751 0.8284505959246445 0.7873125720876587 1
0.5510957324106116 0.8239907727797002 0.7817762399077279 1
0.5401768550557481 0.819530949634756 0.7762399077277972 1
0.5292579777008846 0.8150711264898117 0.7707035755478664 1
0.518339100346021 0.8106113033448675 0.7651672433679355 1
0.5074202229911575 0.8061514801999232 0.7596309111880047 1
0.4961937716262979 0.7997693194925032 0.7530180699730875 1
0.48465974625144237 0.7914648212226072 0.7453287197231838 1
0.4731257208765862 0.7831603229527108 0.7376393694732797 1
0.4615916955017304 0.7748558246828146 0.7299500192233758 1
0.45005767012687453 0.7665513264129183 0.7222606689734719 1
0.4385236447520187 0.7582468281430221 0.714571318723568 1
0.4269896193771629 0.7499423298731259 0.7068819684736641 1
0.415455594002307 0.7416378316032297 0.6991926182237602 1
0.4039215686274512 0.7333333333333335 0.6915032679738563 1
0.3923875432525954 0.7250288350634373 0.6838139177239524 1
0.3808535178777395 0.7167243367935411 0.6761245674740486 1
0.3693194925028837 0.7084198385236449 0.6684352172241447 1
0.35778546712802783 0.7001153402537487 0.6607458669742408 1
0.346251441753172 0.6918108419838525 0.653056516724337 1
0.3347174163783162 0.6835063437139562 0.645367166474433 1
0.32318339100346033 0.67520184544406 0.6376778162245291 1
0.3116493656286045 0.6668973471741639 0.6299884659746252 1
0.300115340253749 0.658592848904268 0.6222991157247215 1
0.2885813148788928 0.6502883506343715 0.6146097654748175 1
0.277047289504037 0.6419838523644753 0.6069204152249136 1
0.2655132641291812 0.6336793540945791 0.5992310649750097 1
0.2539792387543254 0.6253748558246829 0.5915417147251057 1
0.2424452133794695 0.6170703575547867 0.5838523644752018 1
0.2309111880046137 0.6087658592848905 0.576163014225298 1
0.21937716262975787 0.6004613610149943 0.5684736639753941 1
0.207843137254902 0.592156862745098 0.5607843137254902 1
0.19984621299500194 0.5846212995001923 0.5532487504805844 1
0.1918492887351019 0.5770857362552865 0.5457131872356786 1
0.18385236447520187 0.5695501730103806 0.5381776239907727 1
0.1758554402153018 0.5620146097654748 0.530642060745867 1
0.16785851595540177 0.554479046520569 0.5231064975009612 1
0.15986159169550174 0.5469434832756632 0.5155709342560554 1
0.1518646674356017 0.5394079200307574 0.5080353710111496 1
0.1438677431757019 0.5318723567858519 0.5004998077662439 1
0.1358708189158016 0.5243367935409458 0.49296424452133797 1
0.1278738946559016 0.51680123029604 0.48542868127643213 1
0.11987697039600155 0.5092656670511342 0.47789311803152634 1
0.11188004613610152 0.5017301038062284 0.47035755478662056 1
0.10388312187620148 0.4941945405613226 0.4628219915417148 1
0.09588619761630142 0.4866589773164168 0.45528642829680893 1
0.0878892733564014 0.479123414071511 0.44775086505190315 1
0.07989234909650136 0.47158785082660515 0.4402153018069973 1
0.07189542483660133 0.46405228758169936 0.4326797385620915 1
0.06389850057670127 0.4565167243367936 0.42514417531718574 1
0.05590157631680123 0.44898116109188774 0.4176086120722799 1
0.0479046520569012 0.44144559784698195 0.4100730488273741 1
0.03990772779700116 0.4339100346020761 0.40253748558246827 1
0.03191080353710113 0.4263744713571703 0.3950019223375625 1
0.023913879277201094 0.41883890811226454 0.3874663590926567 1
0.015916955017301282 0.411303344867359 0.37993079584775113 1
0.007920030757401025 0.40376778162245297 0.3723952326028451 1
0.0038446751249519417 0.3967704728950404 0.36509034986543637 1
0.003690888119953864 0.39031141868512115 0.3580161476355248 1
0.003537101114955786 0.3838523644752019 0.35094194540561324 1
0.0033833141099577084 0.3773933102652826 0.3438677431757017 1
0.0032295271049596307 0.37093425605536334 0.3367935409457901 1
0.0030757400999615533 0.3644752018454441 0.32971933871587855 1
0.0029219530949634756 0.3580161476355248 0.32264513648596693 1
0.002768166089965398 0.35155709342560554 0.31557093425605537 1
0.0026143790849673205 0.34509803921568627 0.3084967320261438 1
0.0024605920799692423 0.338638985005767 0.30142252979623224 1
0.002306805074971165 0.33217993079584773 0.2943483275663207 1
0.0021530180699730873 0.3257208765859285 0.28727412533640906 1
0.0019992310649750095 0.31926182237600925 0.2801999231064975 1
0.0018454440599769317 0.31280276816609 0.27312572087658593 1
0.0016916570549788588 0.3063437139561709 0.26605151864667453 1
0.0015378700499807767 0.29988465974625145 0.2589773164167628 1
0.001384083044982699 0.2934256055363322 0.2519031141868512 1
0.0012302960399846212 0.2869665513264129 0.24482891195693965 1
0.0010765090349865438 0.2805074971164937 0.23775470972702809 1
0.0009227220299884661 0.2740484429065744 0.2306805074971165 1
0.0007689350249903883 0.26758938869665516 0.22360630526720493 1
0.0006151480199923106 0.26113033448673584 0.21653210303729334 1
0.00046136101499423326 0.2546712802768166 0.20945790080738177 1
0.0003075740099961555 0.24821222606689736 0.2023836985774702 1
0.00015378700499807775 0.2417531718569781 0.19530949634755862 1
0 0.23529411764705882 0.18823529411764706 1
