# enhanced color-cube color map (from Matlab)
   3.3333333e-01   3.3333333e-01   0.0000000e+00   1
   3.3333333e-01   6.6666667e-01   0.0000000e+00   1
   3.3333333e-01   1.0000000e+00   0.0000000e+00   1
   6.6666667e-01   3.3333333e-01   0.0000000e+00   1
   6.6666667e-01   6.6666667e-01   0.0000000e+00   1
   6.6666667e-01   1.0000000e+00   0.0000000e+00   1
   1.0000000e+00   3.3333333e-01   0.0000000e+00   1
   1.0000000e+00   6.6666667e-01   0.0000000e+00   1
   1.0000000e+00   1.0000000e+00   0.0000000e+00   1
   0.0000000e+00   3.3333333e-01   5.0000000e-01   1
   0.0000000e+00   6.6666667e-01   5.0000000e-01   1
   0.0000000e+00   1.0000000e+00   5.0000000e-01   1
   3.3333333e-01   0.0000000e+00   5.0000000e-01   1
   3.3333333e-01   3.3333333e-01   5.0000000e-01   1
   3.3333333e-01   6.6666667e-01   5.0000000e-01   1
   3.3333333e-01   1.0000000e+00   5.0000000e-01   1
   6.6666667e-01   0.0000000e+00   5.0000000e-01   1
   6.6666667e-01   3.3333333e-01   5.0000000e-01   1
   6.6666667e-01   6.6666667e-01   5.0000000e-01   1
   6.6666667e-01   1.0000000e+00   5.0000000e-01   1
   1.0000000e+00   0.0000000e+00   5.0000000e-01   1
   1.0000000e+00   3.3333333e-01   5.0000000e-01   1
   1.0000000e+00   6.6666667e-01   5.0000000e-01   1
   1.0000000e+00   1.0000000e+00   5.0000000e-01   1
   0.0000000e+00   3.3333333e-01   1.0000000e+00   1
   0.0000000e+00   6.6666667e-01   1.0000000e+00   1
   0.0000000e+00   1.0000000e+00   1.0000000e+00   1
   3.3333333e-01   0.0000000e+00   1.0000000e+00   1
   3.3333333e-01   3.3333333e-01   1.0000000e+00   1
   3.3333333e-01   6.6666667e-01   1.0000000e+00   1
   3.3333333e-01   1.0000000e+00   1.0000000e+00   1
   6.6666667e-01   0.0000000e+00   1.0000000e+00   1
   6.6666667e-01   3.3333333e-01   1.0000000e+00   1
   6.6666667e-01   6.6666667e-01   1.0000000e+00   1
   6.6666667e-01   1.0000000e+00   1.0000000e+00   1
   1.0000000e+00   0.0000000e+00   1.0000000e+00   1
   1.0000000e+00   3.3333333e-01   1.0000000e+00   1
   1.0000000e+00   6.6666667e-01   1.0000000e+00   1
   1.6666667e-01   0.0000000e+00   0.0000000e+00   1
   3.3333333e-01   0.0000000e+00   0.0000000e+00   1
   5.0000000e-01   0.0000000e+00   0.0000000e+00   1
   6.6666667e-01   0.0000000e+00   0.0000000e+00   1
   8.3333333e-01   0.0000000e+00   0.0000000e+00   1
   1.0000000e+00   0.0000000e+00   0.0000000e+00   1
   0.0000000e+00   1.6666667e-01   0.0000000e+00   1
   0.0000000e+00   3.3333333e-01   0.0000000e+00   1
   0.0000000e+00   5.0000000e-01   0.0000000e+00   1
   0.0000000e+00   6.6666667e-01   0.0000000e+00   1
   0.0000000e+00   8.3333333e-01   0.0000000e+00   1
   0.0000000e+00   1.0000000e+00   0.0000000e+00   1
   0.0000000e+00   0.0000000e+00   1.6666667e-01   1
   0.0000000e+00   0.0000000e+00   3.3333333e-01   1
   0.0000000e+00   0.0000000e+00   5.0000000e-01   1
   0.0000000e+00   0.0000000e+00   6.6666667e-01   1
   0.0000000e+00   0.0000000e+00   8.3333333e-01   1
   0.0000000e+00   0.0000000e+00   1.0000000e+00   1
   0.0000000e+00   0.0000000e+00   0.0000000e+00   1
   1.4285714e-01   1.4285714e-01   1.4285714e-01   1
   2.8571429e-01   2.8571429e-01   2.8571429e-01   1
   4.2857143e-01   4.2857143e-01   4.2857143e-01   1
   5.7142857e-01   5.7142857e-01   5.7142857e-01   1
   7.1428571e-01   7.1428571e-01   7.1428571e-01   1
   8.5714286e-01   8.5714286e-01   8.5714286e-01   1
   1.0000000e+00   1.0000000e+00   1.0000000e+00   1
