# linear copper-tone color map (from Matlab) (black to copper)
   0.0000000e+00   0.0000000e+00   0.0000000e+00   1
   1.9841270e-02   1.2400000e-02   7.8968254e-03   1
   3.9682540e-02   2.4800000e-02   1.5793651e-02   1
   5.9523810e-02   3.7200000e-02   2.3690476e-02   1
   7.9365079e-02   4.9600000e-02   3.1587302e-02   1
   9.9206349e-02   6.2000000e-02   3.9484127e-02   1
   1.1904762e-01   7.4400000e-02   4.7380952e-02   1
   1.3888889e-01   8.6800000e-02   5.5277778e-02   1
   1.5873016e-01   9.9200000e-02   6.3174603e-02   1
   1.7857143e-01   1.1160000e-01   7.1071429e-02   1
   1.9841270e-01   1.2400000e-01   7.8968254e-02   1
   2.1825397e-01   1.3640000e-01   8.6865079e-02   1
   2.3809524e-01   1.4880000e-01   9.4761905e-02   1
   2.5793651e-01   1.6120000e-01   1.0265873e-01   1
   2.7777778e-01   1.7360000e-01   1.1055556e-01   1
   2.9761905e-01   1.8600000e-01   1.1845238e-01   1
   3.1746032e-01   1.9840000e-01   1.2634921e-01   1
   3.3730159e-01   2.1080000e-01   1.3424603e-01   1
   3.5714286e-01   2.2320000e-01   1.4214286e-01   1
   3.7698413e-01   2.3560000e-01   1.5003968e-01   1
   3.9682540e-01   2.4800000e-01   1.5793651e-01   1
   4.1666667e-01   2.6040000e-01   1.6583333e-01   1
   4.3650794e-01   2.7280000e-01   1.7373016e-01   1
   4.5634921e-01   2.8520000e-01   1.8162698e-01   1
   4.7619048e-01   2.9760000e-01   1.8952381e-01   1
   4.9603175e-01   3.1000000e-01   1.9742063e-01   1
   5.1587302e-01   3.2240000e-01   2.0531746e-01   1
   5.3571429e-01   3.3480000e-01   2.1321429e-01   1
   5.5555556e-01   3.4720000e-01   2.2111111e-01   1
   5.7539683e-01   3.5960000e-01   2.2900794e-01   1
   5.9523810e-01   3.7200000e-01   2.3690476e-01   1
   6.1507937e-01   3.8440000e-01   2.4480159e-01   1
   6.3492063e-01   3.9680000e-01   2.5269841e-01   1
   6.5476190e-01   4.0920000e-01   2.6059524e-01   1
   6.7460317e-01   4.2160000e-01   2.6849206e-01   1
   6.9444444e-01   4.3400000e-01   2.7638889e-01   1
   7.1428571e-01   4.4640000e-01   2.8428571e-01   1
   7.3412698e-01   4.5880000e-01   2.9218254e-01   1
   7.5396825e-01   4.7120000e-01   3.0007937e-01   1
   7.7380952e-01   4.8360000e-01   3.0797619e-01   1
   7.9365079e-01   4.9600000e-01   3.1587302e-01   1
   8.1349206e-01   5.0840000e-01   3.2376984e-01   1
   8.3333333e-01   5.2080000e-01   3.3166667e-01   1
   8.5317460e-01   5.3320000e-01   3.3956349e-01   1
   8.7301587e-01   5.4560000e-01   3.4746032e-01   1
   8.9285714e-01   5.5800000e-01   3.5535714e-01   1
   9.1269841e-01   5.7040000e-01   3.6325397e-01   1
   9.3253968e-01   5.8280000e-01   3.7115079e-01   1
   9.5238095e-01   5.9520000e-01   3.7904762e-01   1
   9.7222222e-01   6.0760000e-01   3.8694444e-01   1
   9.9206349e-01   6.2000000e-01   3.9484127e-01   1
   1.0000000e+00   6.3240000e-01   4.0273810e-01   1
   1.0000000e+00   6.4480000e-01   4.1063492e-01   1
   1.0000000e+00   6.5720000e-01   4.1853175e-01   1
   1.0000000e+00   6.6960000e-01   4.2642857e-01   1
   1.0000000e+00   6.8200000e-01   4.3432540e-01   1
   1.0000000e+00   6.9440000e-01   4.4222222e-01   1
   1.0000000e+00   7.0680000e-01   4.5011905e-01   1
   1.0000000e+00   7.1920000e-01   4.5801587e-01   1
   1.0000000e+00   7.3160000e-01   4.6591270e-01   1
   1.0000000e+00   7.4400000e-01   4.7380952e-01   1
   1.0000000e+00   7.5640000e-01   4.8170635e-01   1
   1.0000000e+00   7.6880000e-01   4.8960317e-01   1
   1.0000000e+00   7.8120000e-01   4.9750000e-01   1
