# darkblue-blue-white-red-darkred color map, based loosely on "Seismic"
# color table from Spyglass Transform
  0.03  0.00  0.20 1
  0.07  0.00  0.31 1
  0.10  0.00  0.42 1
  0.11  0.00  0.53 1
  0.10  0.00  0.64 1
  0.09  0.00  0.75 1
  0.06  0.00  0.86 1
  0.01  0.00  0.97 1
  0.08  0.13  1.00 1
  0.22  0.30  1.00 1
  0.35  0.46  1.00 1
  0.48  0.60  1.00 1
  0.61  0.73  1.00 1
  0.75  0.83  1.00 1
  0.88  0.93  1.00 1
  1.00  1.00  1.00 1
  1.00  0.93  0.88 1
  1.00  0.83  0.75 1
  1.00  0.73  0.61 1
  1.00  0.60  0.48 1
  1.00  0.46  0.35 1
  1.00  0.30  0.22 1
  1.00  0.13  0.08 1
  0.97  0.00  0.01 1
  0.86  0.00  0.06 1
  0.75  0.00  0.09 1
  0.64  0.00  0.10 1
  0.53  0.00  0.11 1
  0.42  0.00  0.10 1
  0.31  0.00  0.07 1
  0.21  0.00  0.03 1
