# alternating red, white, blue, and black color map (from Matlab)
   1.0000000e+00   0.0000000e+00   0.0000000e+00   1
   1.0000000e+00   1.0000000e+00   1.0000000e+00   1
   0.0000000e+00   0.0000000e+00   1.0000000e+00   1
   0.0000000e+00   0.0000000e+00   0.0000000e+00   1
   1.0000000e+00   0.0000000e+00   0.0000000e+00   1
   1.0000000e+00   1.0000000e+00   1.0000000e+00   1
   0.0000000e+00   0.0000000e+00   1.0000000e+00   1
   0.0000000e+00   0.0000000e+00   0.0000000e+00   1
   1.0000000e+00   0.0000000e+00   0.0000000e+00   1
   1.0000000e+00   1.0000000e+00   1.0000000e+00   1
   0.0000000e+00   0.0000000e+00   1.0000000e+00   1
   0.0000000e+00   0.0000000e+00   0.0000000e+00   1
   1.0000000e+00   0.0000000e+00   0.0000000e+00   1
   1.0000000e+00   1.0000000e+00   1.0000000e+00   1
   0.0000000e+00   0.0000000e+00   1.0000000e+00   1
   0.0000000e+00   0.0000000e+00   0.0000000e+00   1
   1.0000000e+00   0.0000000e+00   0.0000000e+00   1
   1.0000000e+00   1.0000000e+00   1.0000000e+00   1
   0.0000000e+00   0.0000000e+00   1.0000000e+00   1
   0.0000000e+00   0.0000000e+00   0.0000000e+00   1
   1.0000000e+00   0.0000000e+00   0.0000000e+00   1
   1.0000000e+00   1.0000000e+00   1.0000000e+00   1
   0.0000000e+00   0.0000000e+00   1.0000000e+00   1
   0.0000000e+00   0.0000000e+00   0.0000000e+00   1
   1.0000000e+00   0.0000000e+00   0.0000000e+00   1
   1.0000000e+00   1.0000000e+00   1.0000000e+00   1
   0.0000000e+00   0.0000000e+00   1.0000000e+00   1
   0.0000000e+00   0.0000000e+00   0.0000000e+00   1
   1.0000000e+00   0.0000000e+00   0.0000000e+00   1
   1.0000000e+00   1.0000000e+00   1.0000000e+00   1
   0.0000000e+00   0.0000000e+00   1.0000000e+00   1
   0.0000000e+00   0.0000000e+00   0.0000000e+00   1
   1.0000000e+00   0.0000000e+00   0.0000000e+00   1
   1.0000000e+00   1.0000000e+00   1.0000000e+00   1
   0.0000000e+00   0.0000000e+00   1.0000000e+00   1
   0.0000000e+00   0.0000000e+00   0.0000000e+00   1
   1.0000000e+00   0.0000000e+00   0.0000000e+00   1
   1.0000000e+00   1.0000000e+00   1.0000000e+00   1
   0.0000000e+00   0.0000000e+00   1.0000000e+00   1
   0.0000000e+00   0.0000000e+00   0.0000000e+00   1
   1.0000000e+00   0.0000000e+00   0.0000000e+00   1
   1.0000000e+00   1.0000000e+00   1.0000000e+00   1
   0.0000000e+00   0.0000000e+00   1.0000000e+00   1
   0.0000000e+00   0.0000000e+00   0.0000000e+00   1
   1.0000000e+00   0.0000000e+00   0.0000000e+00   1
   1.0000000e+00   1.0000000e+00   1.0000000e+00   1
   0.0000000e+00   0.0000000e+00   1.0000000e+00   1
   0.0000000e+00   0.0000000e+00   0.0000000e+00   1
   1.0000000e+00   0.0000000e+00   0.0000000e+00   1
   1.0000000e+00   1.0000000e+00   1.0000000e+00   1
   0.0000000e+00   0.0000000e+00   1.0000000e+00   1
   0.0000000e+00   0.0000000e+00   0.0000000e+00   1
   1.0000000e+00   0.0000000e+00   0.0000000e+00   1
   1.0000000e+00   1.0000000e+00   1.0000000e+00   1
   0.0000000e+00   0.0000000e+00   1.0000000e+00   1
   0.0000000e+00   0.0000000e+00   0.0000000e+00   1
   1.0000000e+00   0.0000000e+00   0.0000000e+00   1
   1.0000000e+00   1.0000000e+00   1.0000000e+00   1
   0.0000000e+00   0.0000000e+00   1.0000000e+00   1
   0.0000000e+00   0.0000000e+00   0.0000000e+00   1
   1.0000000e+00   0.0000000e+00   0.0000000e+00   1
   1.0000000e+00   1.0000000e+00   1.0000000e+00   1
   0.0000000e+00   0.0000000e+00   1.0000000e+00   1
   0.0000000e+00   0.0000000e+00   0.0000000e+00   1
