# black-red-yellow-white color map (from Matlab)
   4.1666667e-02   0.0000000e+00   0.0000000e+00   1
   8.3333333e-02   0.0000000e+00   0.0000000e+00   1
   1.2500000e-01   0.0000000e+00   0.0000000e+00   1
   1.6666667e-01   0.0000000e+00   0.0000000e+00   1
   2.0833333e-01   0.0000000e+00   0.0000000e+00   1
   2.5000000e-01   0.0000000e+00   0.0000000e+00   1
   2.9166667e-01   0.0000000e+00   0.0000000e+00   1
   3.3333333e-01   0.0000000e+00   0.0000000e+00   1
   3.7500000e-01   0.0000000e+00   0.0000000e+00   1
   4.1666667e-01   0.0000000e+00   0.0000000e+00   1
   4.5833333e-01   0.0000000e+00   0.0000000e+00   1
   5.0000000e-01   0.0000000e+00   0.0000000e+00   1
   5.4166667e-01   0.0000000e+00   0.0000000e+00   1
   5.8333333e-01   0.0000000e+00   0.0000000e+00   1
   6.2500000e-01   0.0000000e+00   0.0000000e+00   1
   6.6666667e-01   0.0000000e+00   0.0000000e+00   1
   7.0833333e-01   0.0000000e+00   0.0000000e+00   1
   7.5000000e-01   0.0000000e+00   0.0000000e+00   1
   7.9166667e-01   0.0000000e+00   0.0000000e+00   1
   8.3333333e-01   0.0000000e+00   0.0000000e+00   1
   8.7500000e-01   0.0000000e+00   0.0000000e+00   1
   9.1666667e-01   0.0000000e+00   0.0000000e+00   1
   9.5833333e-01   0.0000000e+00   0.0000000e+00   1
   1.0000000e+00   0.0000000e+00   0.0000000e+00   1
   1.0000000e+00   4.1666667e-02   0.0000000e+00   1
   1.0000000e+00   8.3333333e-02   0.0000000e+00   1
   1.0000000e+00   1.2500000e-01   0.0000000e+00   1
   1.0000000e+00   1.6666667e-01   0.0000000e+00   1
   1.0000000e+00   2.0833333e-01   0.0000000e+00   1
   1.0000000e+00   2.5000000e-01   0.0000000e+00   1
   1.0000000e+00   2.9166667e-01   0.0000000e+00   1
   1.0000000e+00   3.3333333e-01   0.0000000e+00   1
   1.0000000e+00   3.7500000e-01   0.0000000e+00   1
   1.0000000e+00   4.1666667e-01   0.0000000e+00   1
   1.0000000e+00   4.5833333e-01   0.0000000e+00   1
   1.0000000e+00   5.0000000e-01   0.0000000e+00   1
   1.0000000e+00   5.4166667e-01   0.0000000e+00   1
   1.0000000e+00   5.8333333e-01   0.0000000e+00   1
   1.0000000e+00   6.2500000e-01   0.0000000e+00   1
   1.0000000e+00   6.6666667e-01   0.0000000e+00   1
   1.0000000e+00   7.0833333e-01   0.0000000e+00   1
   1.0000000e+00   7.5000000e-01   0.0000000e+00   1
   1.0000000e+00   7.9166667e-01   0.0000000e+00   1
   1.0000000e+00   8.3333333e-01   0.0000000e+00   1
   1.0000000e+00   8.7500000e-01   0.0000000e+00   1
   1.0000000e+00   9.1666667e-01   0.0000000e+00   1
   1.0000000e+00   9.5833333e-01   0.0000000e+00   1
   1.0000000e+00   1.0000000e+00   0.0000000e+00   1
   1.0000000e+00   1.0000000e+00   6.2500000e-02   1
   1.0000000e+00   1.0000000e+00   1.2500000e-01   1
   1.0000000e+00   1.0000000e+00   1.8750000e-01   1
   1.0000000e+00   1.0000000e+00   2.5000000e-01   1
   1.0000000e+00   1.0000000e+00   3.1250000e-01   1
   1.0000000e+00   1.0000000e+00   3.7500000e-01   1
   1.0000000e+00   1.0000000e+00   4.3750000e-01   1
   1.0000000e+00   1.0000000e+00   5.0000000e-01   1
   1.0000000e+00   1.0000000e+00   5.6250000e-01   1
   1.0000000e+00   1.0000000e+00   6.2500000e-01   1
   1.0000000e+00   1.0000000e+00   6.8750000e-01   1
   1.0000000e+00   1.0000000e+00   7.5000000e-01   1
   1.0000000e+00   1.0000000e+00   8.1250000e-01   1
   1.0000000e+00   1.0000000e+00   8.7500000e-01   1
   1.0000000e+00   1.0000000e+00   9.3750000e-01   1
   1.0000000e+00   1.0000000e+00   1.0000000e+00   1
