# hue-saturation-value color map (from Matlab) (red-yellow-green-cyan-blue-pink-magenta)
   1.0000000e+00   0.0000000e+00   0.0000000e+00   1
   1.0000000e+00   9.3750000e-02   0.0000000e+00   1
   1.0000000e+00   1.8750000e-01   0.0000000e+00   1
   1.0000000e+00   2.8125000e-01   0.0000000e+00   1
   1.0000000e+00   3.7500000e-01   0.0000000e+00   1
   1.0000000e+00   4.6875000e-01   0.0000000e+00   1
   1.0000000e+00   5.6250000e-01   0.0000000e+00   1
   1.0000000e+00   6.5625000e-01   0.0000000e+00   1
   1.0000000e+00   7.5000000e-01   0.0000000e+00   1
   1.0000000e+00   8.4375000e-01   0.0000000e+00   1
   1.0000000e+00   9.3750000e-01   0.0000000e+00   1
   9.6875000e-01   1.0000000e+00   0.0000000e+00   1
   8.7500000e-01   1.0000000e+00   0.0000000e+00   1
   7.8125000e-01   1.0000000e+00   0.0000000e+00   1
   6.8750000e-01   1.0000000e+00   0.0000000e+00   1
   5.9375000e-01   1.0000000e+00   0.0000000e+00   1
   5.0000000e-01   1.0000000e+00   0.0000000e+00   1
   4.0625000e-01   1.0000000e+00   0.0000000e+00   1
   3.1250000e-01   1.0000000e+00   0.0000000e+00   1
   2.1875000e-01   1.0000000e+00   0.0000000e+00   1
   1.2500000e-01   1.0000000e+00   0.0000000e+00   1
   3.1250000e-02   1.0000000e+00   0.0000000e+00   1
   0.0000000e+00   1.0000000e+00   6.2500000e-02   1
   0.0000000e+00   1.0000000e+00   1.5625000e-01   1
   0.0000000e+00   1.0000000e+00   2.5000000e-01   1
   0.0000000e+00   1.0000000e+00   3.4375000e-01   1
   0.0000000e+00   1.0000000e+00   4.3750000e-01   1
   0.0000000e+00   1.0000000e+00   5.3125000e-01   1
   0.0000000e+00   1.0000000e+00   6.2500000e-01   1
   0.0000000e+00   1.0000000e+00   7.1875000e-01   1
   0.0000000e+00   1.0000000e+00   8.1250000e-01   1
   0.0000000e+00   1.0000000e+00   9.0625000e-01   1
   0.0000000e+00   1.0000000e+00   1.0000000e+00   1
   0.0000000e+00   9.0625000e-01   1.0000000e+00   1
   0.0000000e+00   8.1250000e-01   1.0000000e+00   1
   0.0000000e+00   7.1875000e-01   1.0000000e+00   1
   0.0000000e+00   6.2500000e-01   1.0000000e+00   1
   0.0000000e+00   5.3125000e-01   1.0000000e+00   1
   0.0000000e+00   4.3750000e-01   1.0000000e+00   1
   0.0000000e+00   3.4375000e-01   1.0000000e+00   1
   0.0000000e+00   2.5000000e-01   1.0000000e+00   1
   0.0000000e+00   1.5625000e-01   1.0000000e+00   1
   0.0000000e+00   6.2500000e-02   1.0000000e+00   1
   3.1250000e-02   0.0000000e+00   1.0000000e+00   1
   1.2500000e-01   0.0000000e+00   1.0000000e+00   1
   2.1875000e-01   0.0000000e+00   1.0000000e+00   1
   3.1250000e-01   0.0000000e+00   1.0000000e+00   1
   4.0625000e-01   0.0000000e+00   1.0000000e+00   1
   5.0000000e-01   0.0000000e+00   1.0000000e+00   1
   5.9375000e-01   0.0000000e+00   1.0000000e+00   1
   6.8750000e-01   0.0000000e+00   1.0000000e+00   1
   7.8125000e-01   0.0000000e+00   1.0000000e+00   1
   8.7500000e-01   0.0000000e+00   1.0000000e+00   1
   9.6875000e-01   0.0000000e+00   1.0000000e+00   1
   1.0000000e+00   0.0000000e+00   9.3750000e-01   1
   1.0000000e+00   0.0000000e+00   8.4375000e-01   1
   1.0000000e+00   0.0000000e+00   7.5000000e-01   1
   1.0000000e+00   0.0000000e+00   6.5625000e-01   1
   1.0000000e+00   0.0000000e+00   5.6250000e-01   1
   1.0000000e+00   0.0000000e+00   4.6875000e-01   1
   1.0000000e+00   0.0000000e+00   3.7500000e-01   1
   1.0000000e+00   0.0000000e+00   2.8125000e-01   1
   1.0000000e+00   0.0000000e+00   1.8750000e-01   1
   1.0000000e+00   0.0000000e+00   9.3750000e-02   1
