# pastel shades of pink color map (from Matlab) (black-pink-white)
   1.1785113e-01   0.0000000e+00   0.0000000e+00   1
   1.9585655e-01   1.0286890e-01   1.0286890e-01   1
   2.5066050e-01   1.4547859e-01   1.4547859e-01   1
   2.9546842e-01   1.7817416e-01   1.7817416e-01   1
   3.3432392e-01   2.0573780e-01   2.0573780e-01   1
   3.6911162e-01   2.3002185e-01   2.3002185e-01   1
   4.0089186e-01   2.5197632e-01   2.5197632e-01   1
   4.3033148e-01   2.7216553e-01   2.7216553e-01   1
   4.5788217e-01   2.9095719e-01   2.9095719e-01   1
   4.8386670e-01   3.0860670e-01   3.0860670e-01   1
   5.0852520e-01   3.2530002e-01   3.2530002e-01   1
   5.3204209e-01   3.4117754e-01   3.4117754e-01   1
   5.5456260e-01   3.5634832e-01   3.5634832e-01   1
   5.7620359e-01   3.7089909e-01   3.7089909e-01   1
   5.9706070e-01   3.8490018e-01   3.8490018e-01   1
   6.1721340e-01   3.9840954e-01   3.9840954e-01   1
   6.3672858e-01   4.1147560e-01   4.1147560e-01   1
   6.5566316e-01   4.2413934e-01   4.2413934e-01   1
   6.7406608e-01   4.3643578e-01   4.3643578e-01   1
   6.9197975e-01   4.4839514e-01   4.4839514e-01   1
   7.0944124e-01   4.6004371e-01   4.6004371e-01   1
   7.2648316e-01   4.7140452e-01   4.7140452e-01   1
   7.4313436e-01   4.8249791e-01   4.8249791e-01   1
   7.5942055e-01   4.9334191e-01   4.9334191e-01   1
   7.6635604e-01   5.1754917e-01   5.0395263e-01   1
   7.7322933e-01   5.4067369e-01   5.1434450e-01   1
   7.8004206e-01   5.6284895e-01   5.2453053e-01   1
   7.8679579e-01   5.8418305e-01   5.3452248e-01   1
   7.9349205e-01   6.0476503e-01   5.4433105e-01   1
   8.0013226e-01   6.2466922e-01   5.5396598e-01   1
   8.0671783e-01   6.4395849e-01   5.6343617e-01   1
   8.1325006e-01   6.6268653e-01   5.7274980e-01   1
   8.1973024e-01   6.8089965e-01   5.8191437e-01   1
   8.2615960e-01   6.9863813e-01   5.9093684e-01   1
   8.3253930e-01   7.1593724e-01   5.9982361e-01   1
   8.3887049e-01   7.3282811e-01   6.0858062e-01   1
   8.4515425e-01   7.4933833e-01   6.1721340e-01   1
   8.5139164e-01   7.6549254e-01   6.2572709e-01   1
   8.5758366e-01   7.8131283e-01   6.3412649e-01   1
   8.6373129e-01   7.9681907e-01   6.4241607e-01   1
   8.6983548e-01   8.1202927e-01   6.5060005e-01   1
   8.7589712e-01   8.2695975e-01   6.5868235e-01   1
   8.8191710e-01   8.4162541e-01   6.6666667e-01   1
   8.8789627e-01   8.5603985e-01   6.7455649e-01   1
   8.9383544e-01   8.7021557e-01   6.8235509e-01   1
   8.9973541e-01   8.8416403e-01   6.9006556e-01   1
   9.0559694e-01   8.9789584e-01   6.9769082e-01   1
   9.1142078e-01   9.1142078e-01   7.0523365e-01   1
   9.1720763e-01   9.1720763e-01   7.2716562e-01   1
   9.2295821e-01   9.2295821e-01   7.4845520e-01   1
   9.2867317e-01   9.2867317e-01   7.6915572e-01   1
   9.3435318e-01   9.3435318e-01   7.8931355e-01   1
   9.3999887e-01   9.3999887e-01   8.0896923e-01   1
   9.4561086e-01   9.4561086e-01   8.2815854e-01   1
   9.5118973e-01   9.5118973e-01   8.4691316e-01   1
   9.5673607e-01   9.5673607e-01   8.6526138e-01   1
   9.6225045e-01   9.6225045e-01   8.8322851e-01   1
   9.6773340e-01   9.6773340e-01   9.0083735e-01   1
   9.7318546e-01   9.7318546e-01   9.1810853e-01   1
   9.7860715e-01   9.7860715e-01   9.3506076e-01   1
   9.8399897e-01   9.8399897e-01   9.5171107e-01   1
   9.8936140e-01   9.8936140e-01   9.6807506e-01   1
   9.9469492e-01   9.9469492e-01   9.8416699e-01   1
   1.0000000e+00   1.0000000e+00   1.0000000e+00   1
