# Windows 4-bit colormap (from Matlab)
   1.0000000e+00   1.0000000e+00   1.0000000e+00   1
   7.5000000e-01   7.5000000e-01   7.5000000e-01   1
   1.0000000e+00   0.0000000e+00   0.0000000e+00   1
   1.0000000e+00   1.0000000e+00   0.0000000e+00   1
   0.0000000e+00   1.0000000e+00   0.0000000e+00   1
   0.0000000e+00   1.0000000e+00   1.0000000e+00   1
   0.0000000e+00   0.0000000e+00   1.0000000e+00   1
   1.0000000e+00   0.0000000e+00   1.0000000e+00   1
   0.0000000e+00   0.0000000e+00   0.0000000e+00   1
   5.0000000e-01   5.0000000e-01   5.0000000e-01   1
   5.0000000e-01   0.0000000e+00   0.0000000e+00   1
   5.0000000e-01   5.0000000e-01   0.0000000e+00   1
   0.0000000e+00   5.0000000e-01   0.0000000e+00   1
   0.0000000e+00   5.0000000e-01   5.0000000e-01   1
   0.0000000e+00   0.0000000e+00   5.0000000e-01   1
   5.0000000e-01   0.0000000e+00   5.0000000e-01   1
