# blue-green color map (from Matlab)
   0.0000000e+00   0.0000000e+00   1.0000000e+00
   0.0000000e+00   6.6666667e-02   9.6666667e-01
   0.0000000e+00   1.3333333e-01   9.3333333e-01
   0.0000000e+00   2.0000000e-01   9.0000000e-01
   0.0000000e+00   2.6666667e-01   8.6666667e-01
   0.0000000e+00   3.3333333e-01   8.3333333e-01
   0.0000000e+00   4.0000000e-01   8.0000000e-01
   0.0000000e+00   4.6666667e-01   7.6666667e-01
   0.0000000e+00   5.3333333e-01   7.3333333e-01
   0.0000000e+00   6.0000000e-01   7.0000000e-01
   0.0000000e+00   6.6666667e-01   6.6666667e-01
   0.0000000e+00   7.3333333e-01   6.3333333e-01
   0.0000000e+00   8.0000000e-01   6.0000000e-01
   0.0000000e+00   8.6666667e-01   5.6666667e-01
   0.0000000e+00   9.3333333e-01   5.3333333e-01
   0.0000000e+00   1.0000000e+00   5.0000000e-01
